1.000000 1.000000
0.579807 0.299357
0.164535 0.148442
0.299121 0.076470
0.693378 0.746974
0.579882 0.497423
0.600228 0.576640
0.627876 0.726934
0.453997 0.032226
0.167911 0.277939
0.334079 0.286560
0.456540 0.440188
0.527226 0.390026
0.588100 0.471025
0.603640 0.564444
0.580215 0.606274
0.100263 0.110905
0.313805 0.261700
0.194606 0.241439
0.451595 0.354843
0.579807 0.299357
1.000000 1.000000
0.176943 0.157733
0.360736 0.413162
0.125213 0.189636
0.432582 0.354488
0.255310 0.086653
0.203953 0.049983
0.539743 0.497998
0.223784 0.243992
0.752938 0.357820
0.521707 0.504365
0.805606 0.758930
0.761318 0.712395
0.720310 0.765684
0.401265 0.333027
0.343517 0.208959
0.334274 0.239341
0.594351 0.518069
0.253812 0.322438
0.795214 0.816654
0.669567 0.748892
0.847170 0.936185
0.176943 0.157733
1.000000 1.000000
0.942566 0.869710
0.276122 0.091636
0.611904 0.049126
0.557225 0.008584
0.257411 0.089504
0.985635 0.972211
0.917040 0.849260
0.373986 0.382060
0.233908 0.399453
0.124276 0.116311
0.531741 0.033105
0.561205 0.035289
0.920764 0.870256
0.216988 0.424362
0.949936 0.867959
0.580710 0.494280
0.771698 0.607677
0.316185 0.290043
0.164535 0.148442
0.360736 0.413162
1.000000 1.000000
0.673013 0.456462
0.524343 0.176882
0.510123 0.167460
0.713011 0.502082
0.232016 0.352230
0.141282 0.013327
0.287528 0.409176
0.703416 0.546111
0.828440 0.723580
0.721141 0.429311
0.608961 0.275135
0.537982 0.178558
0.330852 0.420823
0.790215 0.643825
0.262999 0.427898
0.659975 0.613761
0.465398 0.494145
0.668240 0.534555
0.299121 0.076470
0.125213 0.189636
0.942566 0.869710
1.000000 1.000000
0.475555 0.016088
0.735448 0.123557
0.711764 0.082199
0.403857 0.037172
0.918963 0.828657
0.821352 0.739344
0.344417 0.465628
0.122529 0.350319
0.172750 0.169156
0.625939 0.035311
0.660490 0.055764
0.781982 0.600968
0.858642 0.707017
0.490261 0.482081
0.690304 0.571314
0.239826 0.305299
0.693378 0.746974
0.432582 0.354488
0.276122 0.091636
0.673013 0.456462
0.475555 0.016088
1.000000 1.000000
0.915631 0.711645
0.933012 0.773992
0.972767 0.942857
0.167276 0.162998
0.477946 0.319176
0.709911 0.580933
0.796908 0.441802
0.916824 0.659092
0.913695 0.681920
0.862309 0.804713
0.173694 0.141222
0.397352 0.350944
0.182479 0.281815
0.598513 0.442855
0.579882 0.497423
0.255310 0.086653
0.611904 0.049126
0.524343 0.176882
0.735448 0.123557
0.915631 0.711645
1.000000 1.000000
0.989938 0.935963
0.899992 0.681299
0.518921 0.023100
0.370546 0.012805
0.266637 0.074815
0.504866 0.207157
0.720864 0.269576
0.972197 0.819494
0.987020 0.912560
0.341383 0.012230
0.605884 0.295563
0.539871 0.037156
0.185532 0.011765
0.340143 0.110605
0.600228 0.576640
0.203953 0.049983
0.557225 0.008584
0.510123 0.167460
0.711764 0.082199
0.933012 0.773992
0.989938 0.935963
1.000000 1.000000
0.895103 0.669612
0.466705 0.005942
0.103211 0.088930
0.335175 0.008189
0.220788 0.041521
0.481311 0.180913
0.669346 0.161825
0.941302 0.643071
0.966067 0.781036
0.274886 0.037553
0.638011 0.365792
0.492168 0.008472
0.175207 0.007622
0.313602 0.077861
0.627876 0.726934
0.539743 0.497998
0.257411 0.089504
0.713011 0.502082
0.403857 0.037172
0.972767 0.942857
0.899992 0.681299
0.895103 0.669612
1.000000 1.000000
0.137316 0.168055
0.102201 0.009286
0.613081 0.463966
0.803704 0.697918
0.900705 0.632681
0.939566 0.765609
0.925692 0.744000
0.868061 0.798333
0.165192 0.140004
0.491567 0.459269
0.253518 0.361836
0.695381 0.590462
0.223784 0.243992
0.985635 0.972211
0.232016 0.352230
0.918963 0.828657
0.167276 0.162998
0.518921 0.023100
0.466705 0.005942
0.137316 0.168055
1.000000 1.000000
0.938042 0.915120
0.470719 0.480952
0.351514 0.523648
0.428452 0.021750
0.467799 0.017264
0.952950 0.922400
0.336237 0.553861
0.968777 0.926603
0.669317 0.617915
0.833301 0.717438
0.422481 0.406219
0.453997 0.032226
0.752938 0.357820
0.141282 0.013327
0.103211 0.088930
0.102201 0.009286
1.000000 1.000000
0.218613 0.023922
0.448836 0.205719
0.275181 0.056506
0.388984 0.308674
0.140348 0.076935
0.361498 0.116083
0.291092 0.085574
0.436589 0.207548
0.167911 0.277939
0.521707 0.504365
0.917040 0.849260
0.287528 0.409176
0.821352 0.739344
0.370546 0.012805
0.335175 0.008189
0.938042 0.915120
0.218613 0.023922
1.000000 1.000000
0.635087 0.652747
0.522014 0.679185
0.199770 0.349035
0.248820 0.041870
0.302040 0.027764
0.934436 0.864414
0.491745 0.662731
0.934795 0.911703
0.830385 0.822320
0.950759 0.914509
0.644501 0.653993
0.334079 0.286560
0.805606 0.758930
0.373986 0.382060
0.703416 0.546111
0.344417 0.465628
0.477946 0.319176
0.266637 0.074815
0.220788 0.041521
0.613081 0.463966
0.470719 0.480952
0.448836 0.205719
0.635087 0.652747
1.000000 1.000000
0.944123 0.906880
0.842852 0.856987
0.449404 0.309068
0.372908 0.196146
0.511106 0.386801
0.737146 0.572906
0.439498 0.474933
0.932035 0.901704
0.785935 0.782249
0.926167 0.878021
0.456540 0.440188
0.761318 0.712395
0.233908 0.399453
0.828440 0.723580
0.122529 0.350319
0.709911 0.580933
0.504866 0.207157
0.481311 0.180913
0.803704 0.697918
0.351514 0.523648
0.275181 0.056506
0.522014 0.679185
0.944123 0.906880
1.000000 1.000000
0.904622 0.802357
0.636397 0.419633
0.576547 0.314909
0.472747 0.528522
0.893257 0.822767
0.331607 0.514643
0.881973 0.892286
0.689875 0.771979
0.910687 0.868660
0.527226 0.390026
0.720310 0.765684
0.124276 0.116311
0.721141 0.429311
0.172750 0.169156
0.796908 0.441802
0.720864 0.269576
0.669346 0.161825
0.900705 0.632681
0.388984 0.308674
0.199770 0.349035
0.842852 0.856987
0.904622 0.802357
1.000000 1.000000
0.850633 0.636807
0.802213 0.493123
0.785575 0.493516
0.671653 0.682855
0.424549 0.522117
0.837726 0.814217
0.588100 0.471025
0.401265 0.333027
0.531741 0.033105
0.608961 0.275135
0.625939 0.035311
0.916824 0.659092
0.972197 0.819494
0.941302 0.643071
0.939566 0.765609
0.428452 0.021750
0.140348 0.076935
0.248820 0.041870
0.449404 0.309068
0.636397 0.419633
0.850633 0.636807
1.000000 1.000000
0.991810 0.949024
0.282663 0.025604
0.662020 0.355902
0.454361 0.022492
0.245904 0.197398
0.502694 0.356898
0.603640 0.564444
0.343517 0.208959
0.561205 0.035289
0.537982 0.178558
0.660490 0.055764
0.913695 0.681920
0.987020 0.912560
0.966067 0.781036
0.925692 0.744000
0.467799 0.017264
0.302040 0.027764
0.372908 0.196146
0.576547 0.314909
0.802213 0.493123
0.991810 0.949024
1.000000 1.000000
0.312476 0.019007
0.630362 0.319535
0.509668 0.032705
0.165296 0.107452
0.108362 0.050516
0.427236 0.234434
0.334274 0.239341
0.920764 0.870256
0.330852 0.420823
0.781982 0.600968
0.341383 0.012230
0.274886 0.037553
0.952950 0.922400
0.934436 0.864414
0.511106 0.386801
0.472747 0.528522
0.282663 0.025604
0.312476 0.019007
1.000000 1.000000
0.517456 0.693357
0.942546 0.884504
0.731184 0.576025
0.853702 0.672441
0.502268 0.389962
0.580215 0.606274
0.594351 0.518069
0.216988 0.424362
0.790215 0.643825
0.862309 0.804713
0.605884 0.295563
0.638011 0.365792
0.868061 0.798333
0.336237 0.553861
0.491745 0.662731
0.737146 0.572906
0.893257 0.822767
0.785575 0.493516
0.662020 0.355902
0.630362 0.319535
0.517456 0.693357
1.000000 1.000000
0.332124 0.535502
0.763623 0.700935
0.627494 0.669648
0.827093 0.680374
0.100263 0.110905
0.253812 0.322438
0.949936 0.867959
0.262999 0.427898
0.858642 0.707017
0.173694 0.141222
0.539871 0.037156
0.492168 0.008472
0.165192 0.140004
0.968777 0.926603
0.934795 0.911703
0.439498 0.474933
0.331607 0.514643
0.454361 0.022492
0.509668 0.032705
0.942546 0.884504
0.332124 0.535502
1.000000 1.000000
0.684286 0.683859
0.851582 0.788067
0.431312 0.456209
0.313805 0.261700
0.795214 0.816654
0.580710 0.494280
0.659975 0.613761
0.490261 0.482081
0.397352 0.350944
0.491567 0.459269
0.669317 0.617915
0.361498 0.116083
0.830385 0.822320
0.932035 0.901704
0.881973 0.892286
0.671653 0.682855
0.245904 0.197398
0.165296 0.107452
0.731184 0.576025
0.763623 0.700935
0.684286 0.683859
1.000000 1.000000
0.942588 0.956272
0.932159 0.930190
0.194606 0.241439
0.669567 0.748892
0.771698 0.607677
0.465398 0.494145
0.690304 0.571314
0.182479 0.281815
0.185532 0.011765
0.175207 0.007622
0.253518 0.361836
0.833301 0.717438
0.291092 0.085574
0.950759 0.914509
0.785935 0.782249
0.689875 0.771979
0.424549 0.522117
0.108362 0.050516
0.853702 0.672441
0.627494 0.669648
0.851582 0.788067
0.942588 0.956272
1.000000 1.000000
0.828636 0.862022
0.451595 0.354843
0.847170 0.936185
0.316185 0.290043
0.668240 0.534555
0.239826 0.305299
0.598513 0.442855
0.340143 0.110605
0.313602 0.077861
0.695381 0.590462
0.422481 0.406219
0.436589 0.207548
0.644501 0.653993
0.926167 0.878021
0.910687 0.868660
0.837726 0.814217
0.502694 0.356898
0.427236 0.234434
0.502268 0.389962
0.827093 0.680374
0.431312 0.456209
0.932159 0.930190
0.828636 0.862022
1.000000 1.000000
